0.0003 3.999878668719014e-13 3.9998395575285525e-09 0.02999999990718447 7.86619465675291e-05
0.0012 2.5596927565439568e-11 6.398975996558174e-08 0.05999999703097258 0.0003145911403164637
0.0026999999999999997 2.915212724698788e-10 3.2388337005365923e-07 0.0899999774674851 0.0007076176077717116
0.0048 1.637613666532349e-09 1.0233447444134375e-06 0.11999990512804683 0.0012574579416750151
0.0075000000000000015 6.245313434170997e-09 2.4975006245511626e-06 0.14999971078727864 0.0019637151258334786
0.010799999999999999 1.8642250407960174e-08 5.17653772689591e-06 0.179999281299958 0.0028258782939801046
0.014700000000000003 4.6990449499102207e-08 9.585185382944834e-06 0.20999844904319212 0.0038433224266675252
0.0192 1.0465637647869946e-07 1.634208380164785e-05 0.2399969816406644 0.00501530799129104
0.024300000000000002 2.1206017406852857e-07 2.6159038308344115e-05 0.26999457202596233 0.006340980531357684
0.030000000000000006 3.9880095998670406e-07 3.984015997847908e-05 0.29999082890223155 0.007819370212072565
0.0363 7.060545834046799e-07 5.8280893147780795e-05 0.3299852676556268 0.00944939133019144
0.043199999999999995 1.1892397636958356e-06 8.246693034332516e-05 0.35997730178019743 0.011229841796879003
0.0507 1.920948065740778e-06 0.00011347301524168158 0.3899662348719368 0.013159402603006016
0.05880000000000001 2.9941326997488686e-06 0.00015246163432074833 0.41995125324970495 0.015236637276906363
0.06749999999999999 4.525550670907656e-06 0.00020068159793053614 0.44993141926056957 0.017459991345089656
0.0768 6.659452345530332e-06 0.000259466511564557 0.47990566532677126 0.01982779180675868
0.08670000000000001 9.571512046084163e-06 0.0003302331381670594 0.5098727887909646 0.02233824663320885
0.09720000000000001 1.3472992837898869e-05 0.00041447965236152785 0.5398314476156014 0.0249894443032837
0.10830000000000001 1.8615138225820998e-05 0.0005137837875319402 0.5697801569912453 0.027779353386023994
0.12000000000000002 2.5293783039947143e-05 0.000629800876729557 0.5997172869072559 0.03070582218147562
0.1323 3.385417535618365e-05 0.0007642617884137346 0.6296410607365645 0.0337665784303153
0.1452 4.469600087009209e-05 0.0009189707580646438 0.6595495548842389 0.036959229102512314
0.1587 5.827860072163477e-05 0.0010958031167280155 0.6894406995471053 0.04028126027467525
0.17279999999999998 7.512637335438479e-05 0.0012967029175663745 0.719312280628904 0.04373003710503944
0.1875 9.583435058585525e-05 0.0015236804614968606 0.749161942852268 0.04730280391424099
0.2028 0.00012107393766618184 0.0017788097229919336 0.7789871941052238 0.05099668437910692
0.21870000000000003 0.0001515988067108134 0.002064225677105382 0.8087854110559368 0.054808681845679295
0.23520000000000005 0.00018825093250946802 0.0023821215287614444 0.8385538460650522 0.05873567976659781
0.25229999999999997 0.0002319667593387545 0.002734745845309078 0.8682896354202441 0.06277444226680437
0.26999999999999996 0.000283783487039882 0.0031243995932960502 0.8979898089124739 0.06692161484032426
0.2883 0.0003448454642661325 0.003553433080358354 0.9276513007680289 0.07117372517963605
0.3072 0.00041641067645761104 0.004024242803049506 0.9572709619446591 0.07552718413789042
0.3267 0.0004998573157635513 0.004539268201351572 0.9868455737941015 0.07997828682299479
0.34680000000000005 0.0005966904198054872 0.0051009883205157276 1.0163718630870124 0.0845232138213685
0.36750000000000005 0.0007085485658582785 0.0057119183807754605 1.0458465183898416 0.0891580325480168
0.38880000000000003 0.0008372106067206057 0.006374606255360923 1.0752662077765285 0.09387869871848935
0.41069999999999995 0.0009846024342525222 0.007091628857119611 1.104627597851112 0.0986810579373091
0.43320000000000003 0.0011528037562752679 0.007865588433918172 1.1339273740504632 0.10356084739659532
0.4563 0.0013440548722582091 0.00869910877286401 1.1631622621893944 0.10851369767788914
0.4800000000000001 0.0015607634329597938 0.00959483131324653 1.192329051203447 0.11353513464963462
0.5043000000000001 0.0018055111689441066 0.01055541116795737 1.2214246170376606 0.1186205814523945
0.5292 0.0020810605726624613 0.011583513053011541 1.2504459476227359 0.12376536056370709
0.5547 0.002390361518570625 0.012681807124658438 1.2793901688730718 0.12896469593452461
0.5808 0.0027365578055472467 0.013852964723448106 1.3082545716343985 0.1342137151894353
0.6075 0.003122993605688178 0.01509965402450735 1.3370366395019608 0.1395074518833625
0.6348 0.003553219803374844 0.016424535593186688 1.3657340774236022 0.1448408478081631
0.6627000000000001 0.004031000208353226 0.017830257845167584 1.3943448409955455 0.15020875534351436
0.6911999999999999 0.004560317626413453 0.01931945241007492 1.4228671663522083 0.15560593984768176
0.7202999999999999 0.0051453797711290515 0.020894729397627515 1.4512996005450385 0.1610270820851966
0.75 0.0057906249999996814 0.022558672565385626 1.479641032299022 0.1664667806901259
0.7803 0.0065007278582423075 0.024313834387224457 1.5078907230293024 0.17191955466548178
0.8112 0.007280604413393296 0.02616273102178307 1.5360483379941043 0.1773798459213748
0.8427000000000001 0.008135417363818405 0.028107837180314843 1.5641139774539878 0.18284202185673526
0.8748000000000001 0.009070580904179434 0.030151580893605857 1.5920882077012655 0.18830037799180577
0.9075000000000002 0.010091765330875562 0.032296338177936305 1.6199720918172171 0.19374914066109047
0.9408000000000002 0.011204901370464647 0.03454442760044561 1.6477672200085318 0.19918246977903095
0.9747000000000002 0.01241618421407545 0.03689810474472853 1.6754757393681732 0.2045944616933118
1.0091999999999999 0.013732077240845724 0.03935955657804483 1.7031003828996005 0.20997915214335142
1.0443 0.015159315413464575 0.041930895722173546 1.73064449763704 0.21533051934417863
1.0799999999999998 0.01670490832895954 0.04461415463068981 1.7581120716882306 0.22064248721846913
1.1163 0.018376142907951806 0.0474112796762929 1.7855077600198987 0.22590892880201657
1.1532 0.02018058570570413 0.05032412515277017 1.8128369088000866 0.23112366985025407
1.1907 0.02212608482840991 0.05335444719724862 1.8401055781055236 0.23628049267562926
1.2288 0.024220771438313873 0.05650389763956114 1.8673205627964764 0.2413731402475868
1.2675 0.026473060831420415 0.05977401778684362 1.8944894113561104 0.2463953205886215
1.3068 0.02889165307173054 0.06316623215287465 1.9216204424863406 0.251340711501265
1.3467000000000002 0.031485533166156744 0.0666818421431737 1.948722759247677 0.25620296566194084
1.3872000000000002 0.03426397076449402 0.07032201970847818 1.9758062605266766 0.26097571611831544
1.4283000000000003 0.037236519369078604 0.07408780098091743 2.0028816496115738 0.26565258222706123
1.4700000000000002 0.040413015039039414 0.07798007990898637 2.0299604396544817 0.27022717606878616
1.5122999999999998 0.043803574574347186 0.08199960190927642 2.0570549557975477 0.27469310937625335
1.5552000000000001 0.04741859316518649 0.08614695755483646 2.084178333740655 0.2790440010108709
1.5987 0.05126874149252191 0.09042257632199009 2.1113445145299523 0.28327348502075717
1.6427999999999998 0.05536496226610016 0.09482672041941541 2.1385682353498154 0.2873752193114497
1.6875 0.05971846618652275 0.099359478725263 2.165865016106001 0.29134289495750515
1.7328000000000001 0.06434072731844423 0.10402076086003836 2.1932511415949456 0.295170246179806
1.7787000000000002 0.0692434778623954 0.10881029142486418 2.2207436390635764 0.29885106100934217
1.8252 0.0744387023132003 0.11372760443654101 2.248360250975864 0.3023791926535376
1.8723 0.0799386309934527 0.11877203799250825 2.2761194028168035 0.30574857157584595
1.9200000000000004 0.08575573295103926 0.12394272920033213 2.304040165781808 0.30895321829333094
1.9683000000000002 0.09190270821024661 0.12923860940768245 2.3321422142197594 0.31198725689026496
2.0172000000000003 0.09839247936656476 0.13465839976985725 2.3604457777214063 0.3148449292384389
2.0667000000000004 0.10523818251590249 0.14020060719274396 2.3889715877714806 0.317520609906859
2.1168 0.1124531575095626 0.1458635206896234 2.4177408189131024 0.32000882173485246
2.1675 0.12005093752698257 0.15164520819039057 2.446775024406647 0.3223042520333072
2.2188 0.12804523795893394 0.15754351384154602 2.4760960664024774 0.32440176936887644
2.2706999999999997 0.13644994459459137 0.16355605583467395 2.505726040687738 0.3262964408755237
2.3232 0.14527910110662579 0.16968022480002828 2.5356871961117 0.3279835500268135
2.3763 0.15454689582925085 0.1759131828002788 2.5660018488418728 0.3294586147909483
2.43 0.16426764782495906 0.18225186295739584 2.5966922916540476 0.3307174060787865
2.4843 0.17445579223651464 0.18869296974306785 2.6277806985133174 0.331755966383052
2.5392 0.18512586492163852 0.19523297995993327 2.659289024759625 0.33257062849480346
2.5947 0.1962924863687154 0.20186814443728032 2.691238903269941 0.33315803417109396
2.6508000000000003 0.20797034489278024 0.20859449046072187 2.723651537029305 0.3335151526158043
2.7075000000000005 0.220174179112 0.21540782495071822 2.756547588603814 0.3336392986240704
2.7647999999999997 0.23291875970585726 0.22230373839971695 2.789947067069496 0.33352815022975785
2.8227 0.24621887045726676 0.22927760957215843 2.8238692130107683 0.3331797656853086
2.8811999999999998 0.260089288581905 0.23632461096569038 2.8583323822598334 0.3325925995942769
2.9402999999999997 0.2745447643491329 0.24343971502572578 2.8933539291026236 0.3317655180092381
3.0 0.2895999999999988 0.250617701099013 2.928950089726436 0.33069781230181805
3.0603000000000002 0.3052696279689769 0.2578531631052576 2.9651358667278482 0.3293892116076506
3.1212 0.3215681884172766 0.2651405178991241 3.001924915535329 0.32783989364742006
3.1827 0.33851010608678844 0.2724740142882329 3.0393294336277115 0.32605049372611467
3.2448 0.3561096664849821 0.279847742666166 3.077360053445942 0.324022111716438
3.3075000000000006 0.3743809914123749 0.2872556452130864 3.1160257398998725 0.3217563168393134
3.3708000000000005 0.39333801384550937 0.2946915266104664 3.1553336933630756 0.3192551500647063
3.4347000000000003 0.4129944521897482 0.30214906521070806 3.195289259025782 0.31652112396980486
3.4992000000000005 0.4333637839175917 0.30962182459720555 3.2358958434381835 0.31355721990897806
3.5643000000000007 0.45445921860966015 0.31710326546575157 3.277154839023236 0.3103668823708943
3.630000000000001 0.4762936704169588 0.324586757754186 3.3190655572695253 0.3069540104226727
3.6963000000000004 0.49887972996455304 0.3320655929439061 3.361625171231186 0.30332294616872213
3.6963000000000004 0.49887972996455304 0.3320655929439061 3.361625171231186 0.30332294616872213
3.7629000000000006 0.52212367787915 0.3394996946470168 3.3743703531685214 0.29949609016826073
3.8295000000000003 0.5459213994299036 0.3468504846299848 3.3873933866996784 0.2954992480936762
3.8961000000000006 0.5702693719448009 0.35411361212370535 3.400668362386318 0.2913421145668275
3.9627000000000003 0.5951637304033909 0.36128494023900015 3.4141692677480893 0.28703426031322227
4.0293 0.6206002736485832 0.3683605429936511 3.427870074477255 0.2825851095995018
4.0959 0.6465744705984466 0.3753367018369495 3.441744821106083 0.27800391858358814
4.1625000000000005 0.6730814664580065 0.38220990170904706 3.4557676908175106 0.2732997547178095
4.229100000000001 0.700116088931044 0.38897682667369204 3.4699130841440917 0.2684814773311973
4.2957 0.7276728544318949 0.395634355163768 3.484155686356863 0.2635577195018553
4.3623 0.7557459742972463 0.40217955487944335 3.498470529403398 0.25853687131408065
4.4289000000000005 0.7843293609979376 0.4086096773787277 3.512833048311919 0.253427064578079
4.495500000000001 0.8134166343507557 0.41492215239985686 3.527219132034745 0.2482361590729606
4.5621 0.8430011277302354 0.42111458195420703 3.5416051687586574 0.24297173035651248
4.6287 0.8730758942804588 0.42718473422744835 3.5559680857610494 0.23764105916829684
4.6953000000000005 0.9036337131268511 0.4331305373253809 3.5702853839382174 0.23225112243620039
4.761900000000001 0.9346670955879797 0.4389500728994399 3.584535167175237 0.22680858588086733
4.8285 0.9661682913873542 0.44464156968520063 3.5986961667650266 0.22131979819773206
4.8951 0.9981292948652234 0.45020339698543277 3.6127477611171015 0.2157907867827751
4.9617 1.0305418511903737 0.4556340581273664 3.6266699910239937 0.21022725495581104
5.028300000000001 1.063397462571928 0.4609321839218518 3.640443570775179 0.20463458062420822
5.094900000000001 1.096687394471143 0.46609652615009994 3.6540498954248744 0.1990178163204631
5.1615 1.130402681813209 0.4711259511016421 3.6674710445311436 0.19338169053910367
5.2281 1.1645341351990481 0.4760194331851319 3.6806897826899534 0.18773061029194568
5.294700000000001 1.1990723471171105 0.4807760486316054 3.693689557189252 0.18206866479575154
5.3613 1.234007698155177 0.485394969307858 3.7064544931053796 0.17639963020283725
5.4279 1.269330363212154 0.4898754566557017 3.7189693861575552 0.17072697528300515
5.4945 1.305030317709871 0.4942168557710347 3.731219693626321 0.1650538679643266
5.561100000000001 1.3410973438048834 0.4984185896349178 3.7431915236291884 0.1593831826406099
5.627700000000001 1.3775210366002664 0.5024801535071981 3.754871623031807 0.15371750815477445
5.6943 1.414290810357415 0.5064011094916689 3.7662473642562815 0.14805915636968833
5.7609 1.4513959047078457 0.5101810812803044 3.7773067312302135 0.14241017124119543
5.827500000000001 1.488825390864989 0.5138197490827574 3.788038304701169 0.1367723383119132
5.8941 1.5265681778359903 0.5173168447460817 3.7984312471219135 0.13114719454884302
5.960700000000001 1.5646130186335112 0.5206721470684961 3.808475287292246 0.12553603845273836
6.0273 1.6029485164875208 0.5238854773099875 3.8181607049240305 0.11993994037244825
6.0939000000000005 1.6415631310571044 0.5269566949016328 3.8274783152772156 0.11435975296296448
6.160500000000001 1.680445184642252 0.5298856933546886 3.8364194539965615 0.10879612173157786
6.2271 1.7195828683956602 0.5326723963697825 3.8449759622616217 0.1032494956222809
6.2937 1.7589642485345345 0.5353167541459061 3.8531401723463823 0.09772013759429403
6.3603000000000005 1.7985772725523828 0.5378187398883687 3.8609048936699737 0.09220813515625151
6.426900000000001 1.8384097754308122 0.5401783465144192 3.8682633994061213 0.0867134108231051
6.493500000000001 1.878449485851336 0.5423955835548592 3.8752094137064823 0.08123573246816963
6.5601 1.9186840324071617 0.5444704742496767 3.88173709958182 0.07577472354785045
6.6267000000000005 1.9591009498149972 0.5464030528354922 3.8878410474750087 0.07032987318150019
6.693300000000001 1.9996876851268444 0.548193362022445 3.8935162645511947 0.0649005460734484
6.7599 2.0404316039418005 0.5498414506580322 3.8987581647229135 0.0594859922685847
6.826500000000001 2.0813199966178537 0.5513473715753766 3.903562559421688 0.05408535673689223
6.8931000000000004 2.1223400844836866 0.5527111796233733 3.9079256491223187 0.04869768878605292
6.9597 2.163479026050467 0.5539329298762306 3.9118440156218908 0.04332195130463357
7.026300000000001 2.204723923223654 0.5550126760199852 3.915314615072195 0.037957029841478925
7.0929 2.2460618275147897 0.5559504689137089 3.9183347717618395 0.032601741529701474
7.1595 2.2874797462533016 0.5567463553232617 3.9209021726426223 0.02725484386615134
7.226100000000001 2.3289646487983 0.5574003768256396 3.9230148625937766 0.021915043359434498
7.292700000000001 2.3705034727503786 0.5579125688821679 3.9246712404173127 0.01658100406144221
7.359300000000001 2.412083130163409 0.5582829600790233 3.92587005555781 0.011251355998961045
7.4259 2.4536905137563387 0.5585115715337958 3.9266104055405764 0.005924703523282386
7.4925000000000015 2.495312503124997 0.5585984164671022 3.9268917341230765 0.0005996335967786071
7.559100000000001 2.5369359709538806 0.5585434999384824 3.92671383015567 -0.004725275963765537
7.6257 2.578547789227968 0.5583468187461421 3.926076827149191 -0.01005144826675847
7.6923 2.6201348354445013 0.5580083614903464 3.9249812035483673 -0.015380299127728876
7.758900000000001 2.661683998824797 0.5575281088005885 3.9234277837117144 -0.020713228832948957
7.8255 2.7031821865260395 0.5569060337269264 3.921417739600067 -0.02605161386434753
7.892100000000001 2.7446163298530784 0.5561421022961613 3.918952593177352 -0.03139679856578467
7.9587 2.785973390470229 0.555236274233822 3.9160342195285125 -0.036750086731515766
8.025300000000001 2.827240366613071 0.5541885038531592 3.9126648507004296 -0.042112733098663944
8.0919 2.868404299300243 0.5529987411126249 3.908847080272426 -0.04748593472680594
8.1585 2.9094522785452486 0.5516669328435341 3.9045838686631225 -0.052870822249321055
8.225100000000001 2.950371449568247 0.5501930241498136 3.8998785491801793 -0.058268450982981064
8.2917 2.991149019007854 0.5485769599819483 3.8947348348186317 -0.06367979188438522
8.358300000000002 3.031772261132942 0.5468186868873774 3.8891568258119884 -0.06910572234425953
8.424900000000001 3.0722285240544345 0.5449181549397214 3.883149017937987 -0.0745470168133404
8.4915 3.1125052359371126 0.5428753198493395 3.8767163115778716 -0.08000433725661633
8.5581 3.152589911211403 0.5406901452577202 3.8698640215239224 -0.08547822343600367
8.6247 3.192470156785183 0.5383626052182775 3.8625978875250992 -0.09096908302519986
8.6913 3.2321336782555776 0.535892686866022 3.8549240855544213 -0.09647718156440559
8.757900000000001 3.2715682861207567 0.5332803932785284 3.846849239774622 -0.10200263226686002
8.8245 3.310761901991735 0.5305257465304395 3.838380435170103 -0.1075453856936875
8.8911 3.349702564804167 0.5276287909435511 3.829525230803624 -0.11310521931839776
8.9577 3.3883784370301533 0.5245895965342025 3.820291673645176 -0.1186817270074184
9.0243 3.426777810890028 0.5214082626593877 3.810688312908339 -0.12427430844840298
9.090900000000001 3.464889114564167 0.518084921862513 3.80072421481589 -0.129882158563503
9.1575 3.5027009184047793 0.5146197439192469 3.7904089777017536 -0.13550425695045587
9.224100000000002 3.54020194114771 0.511012940083271 3.7797527473404693 -0.14113935740004113
9.290700000000001 3.577381056124237 0.5072647675310501 3.7687662323784066 -0.14678597754423042
9.3573 3.6142272974728664 0.5033755340039445 3.7574607197230825 -0.15244238869501775
9.4239 3.65072986635114 0.4993456026450839 3.745848089728277 -0.15810660593949932
9.4905 3.6868781371474206 0.4951753970274132 3.733940830993457 -0.16377637856209512
9.5571 3.7226616636927012 0.4908654063682284 3.7217520545765734 -0.16944918086979688
9.623700000000001 3.7580701854723997 0.4864161909242896 3.7092955073998635 -0.17512220350091767
9.6903 3.793093633838153 0.4818283875602979 3.696585584609284 -0.1807923453017849
9.7569 3.8277221382196194 0.47710271548206806 3.683637340629879 -0.18645620585919293
9.823500000000001 3.8619460323362906 0.47223998212422885 3.670466498642429 -0.19211007877893346
9.8901 3.895755860409258 0.46724108918063023 3.6570894581912885 -0.1977499458023549
9.956700000000001 3.9291423833730375 0.46210703876392023 3.643523300620156 -0.20337147185344864
10.0233 3.9620965850873593 0.4568389396789592 3.6297857920219907 -0.2089700011083859
10.0899 3.9946096785489686 0.4514380137928321 3.6158953833819294 -0.21454055417757362
10.156500000000001 4.026673112103423 0.4459056024822984 3.6018712075883945 -0.22007782648707883
10.2231 4.058278575656882 0.44024317313751044 3.5877330729880534 -0.22557618794165596
10.2897 4.089418006887933 0.43445232569880077 3.573501453165324 -0.23102968394548914
10.356300000000001 4.120083597459339 0.42853479920134285 3.5591974726371824 -0.23643203784913325
10.4229 4.1502677992298915 0.4224924783004216 3.544842888169173 -0.24177665488203842
10.489500000000001 4.179963330466194 0.4163273997480966 3.5304600654392684 -0.24705662761941688
10.5561 4.209163182054428 0.4100417587901507 3.5160719508024294 -0.25226474302021795
10.6227 4.237860623712182 0.4036379154503436 3.5017020379403307 -0.2573934910596738
10.689300000000001 4.2660492102002525 0.39711840066737303 3.487374329217817 -0.26243507496536755
10.7559 4.293722787534425 0.39048592224839357 3.473113291609597 -0.26738142305032847
10.822500000000002 4.320875499197289 0.3837433706016701 3.4589438071072793 -0.27222420212034887
10.889100000000001 4.347501792350015 0.3768938242098265 3.4448911175673014 -0.2769548324158588
10.9557 4.373596424044172 0.3699405548044541 3.430980764014053 -0.2815645040315801
11.022300000000001 4.399154467433532 0.3628870322022744 3.41723852046843 -0.2860441947399473
11.0889 4.4241713179858335 0.35573692876308605 3.4036903224296156 -0.29038468912735926
11.155500000000002 4.448642699694621 0.34849412342988817 3.390362190195427 -0.2945765989359583
11.222100000000001 4.472564671291007 0.3411627053124241 3.3772801472636917 -0.29861038448808963
11.288700000000002 4.495933632455513 0.3337469767764769 3.3644701341120498 -0.30247637705618013
11.355300000000002 4.518746330029818 0.3262514560030222 3.3519579177057555 -0.3061648020277815
11.4219 4.540999864228599 0.31868087898344477 3.3397689971309017 -0.30966580270416555
11.4885 4.562691694851302 0.3110402009198089 3.3279285057936088 -0.3129694645612795
11.5551 4.583819647493959 0.3033345970023693 3.316461110662597 -0.31606583979443587
11.6217 4.604381919760968 0.2955694625402957 3.305390909063077 -0.31894497196265514
11.6883 4.624377087476907 0.28775041242587646 3.2947413235530116 -0.3215969205454875
11.754900000000001 4.643804110898344 0.27988327991725154 3.2845349954284795 -0.3240117852241945
11.8215 4.662662340925582 0.27197411472995286 3.2747936774126156 -0.32617972970053966
11.888100000000001 4.680951525314519 0.2640291804332892 3.2655381260827885 -0.32809100486993
11.9547 4.698671814888417 0.25605495115356797 3.2567879945830724 -0.3297359711712283
12.0213 4.715823769749711 0.2480581075926054 3.248561726154323 -0.3311051199431732
12.087900000000001 4.732408365491779 0.24004553237656912 3.2408764489927977 -0.3321890936265922
12.1545 4.748426999410784 0.2320243047569639 3.2337478729206883 -0.3329787046626169
12.221100000000002 4.763881496717444 0.22400169469247544 3.227190188319173 -0.33346495294944634
12.287700000000001 4.77877411674883 0.21598515634720863 3.2212159677372876 -0.3336390417338534
12.354300000000002 4.793107559180166 0.2079823210476061 3.215836070548978 -0.3334923918283154
12.420900000000001 4.806884970236672 0.20000098974685382 3.2110595509870334 -0.3330166540602391
12.4875 4.820109948905275 0.19204912505182944 3.20689356983696 -0.3322037198761599
12.554100000000002 4.832786553146477 0.18413484287333612 3.203343310027075 -0.33104573004084115
12.620700000000001 4.844919306106128 0.17626640376582114 3.200411896304026 -0.3295350813889502
12.687300000000002 4.85651320232723 0.16845220402723377 3.1981003191359867 -0.32766443160529773
12.753900000000002 4.867573713961757 0.1607007666338818 3.1964073629399086 -0.32542670202868795
12.820500000000001 4.878106796982376 0.15302073208818034 3.19532953868453 -0.3228150784942506
12.887100000000002 4.888118897394348 0.14542084925964732 3.1948610208783608 -0.3198230102498073
12.953700000000001 4.8976169574472515 0.13790996630101612 3.194993588911611 -0.31644420700377657
13.020300000000002 4.906608421846812 0.13049702172184127 3.195716572683907 -0.312672634185285
13.0869 4.915101243966708 0.12319103570159266 3.1970168024159746 -0.3085025065221133
13.153500000000001 4.923103892060356 0.11600110172293518 3.1988785625143126 -0.3039282800689429
13.2201 4.930625355472687 0.10893637860346926 3.201283549333856 -0.2989446428475901
13.286700000000002 4.9376751508519945 0.10200608300102829 3.2042108326662273 -0.29354650429279816
13.3533 4.944263328361682 0.09521948246331179 3.207636820771801 -0.2877289837320773
13.4199 4.95040047789211 0.08858588908766106 3.2115352287744217 -0.28148739816644974
13.486500000000001 4.956097735272344 0.08211465385070348 3.2158770502507608 -0.2748172496610039
13.5531 4.96136678848201 0.0758151616609372 3.22063053187479 -0.2677142127002943
13.619700000000002 4.966219883863026 0.069696827179812 3.225761151025459 -0.26017412191391576
13.686300000000001 4.97066983233147 0.06376909144868882 3.2312315963363036 -0.2521929606324466
13.7529 4.974730015589319 0.05804141935025835 3.237001751264677 -0.24376685079295457
13.819500000000001 4.978414392336276 0.05252329792367938 3.2430286808906126 -0.23489204477685593
13.8861 4.9817375044816 0.04722423554274368 3.249266622327546 -0.22556491983026156
13.952700000000002 4.984714483355802 0.04215376195603416 3.25566697934565 -0.21578197578780126
14.019300000000001 4.98736105592258 0.037321429177217876 3.2621783220805356 -0.20553983689432428
14.0859 4.989693550990506 0.03273681320236628 3.2687463930326177 -0.1948352585936687
14.152500000000002 4.991728905424882 0.028409516519430886 3.275314120962688 -0.18366514022810052
14.219100000000001 4.993484670359518 0.02434917136292978 3.281821644763418 -0.17202654466405218
14.285700000000002 4.994979017408525 0.020565443654254736 3.2882063499398897 -0.1599167259265057
14.352300000000001 4.996230744878158 0.017068037554783304 3.2944029209680243 -0.1473331659822429
14.418900000000002 4.99725928397854 0.013866700545411115 3.300343413518046 -0.13427362185704092
14.485500000000002 4.998084705035549 0.01097122893153939 3.305957351327235 -0.12073618429819045
14.552100000000001 4.998727723702515 0.00839147365745044 3.311171853372439 -0.10671934919551201
14.618700000000002 4.9992097071720885 0.006137346297962235 3.3159117979117263 -0.09222210294379198
14.685300000000002 4.999552680388025 0.004218825078192668 3.320100030910385 -0.07724402285905266
14.751900000000003 4.999779332256999 0.002645960754018815 3.3236576273025036 -0.06178539364110355
14.8185 4.999913021860383 0.001428882166427621 3.3265042144161616 -0.04584734069526703
14.885100000000001 4.99997778466598 0.0005778012620361819 3.32855836764346 -0.029431980876731018
14.9517 4.999998338739992 0.00010301734971180238 3.32973808898624 -0.012542590891557058