0.0003 3.671631253263748e-13 3.6715740463619315e-09 0.029999999921795625 7.220543554796606e-05
0.0012 2.3495248644380292e-11 5.8734594980641184e-08 0.05999999749881143 0.0002887437555267057
0.0026999999999999997 2.6756534005268046e-10 2.9725467992937357e-07 0.08999998102369812 0.0006493810134156051
0.0048 1.5028839381919764e-09 9.390769725308842e-07 0.11999992013485472 0.0011537273439004942
0.0075000000000000015 5.730725110124446e-09 2.291430110673939e-06 0.1499997566663458 0.001801237033491579
0.010799999999999999 1.7103381328406e-08 4.748372362402356e-06 0.1799993957097754 0.0025912086239272543
0.014700000000000003 4.310309860620042e-08 8.790080513199371e-06 0.2099986969579349 0.0035227850528289544
0.0192 9.597691281042054e-08 1.4981982252499399e-05 0.23999746639930075 0.004594953837241269
0.024300000000000002 1.9442374934903929e-07 2.397373297244211e-05 0.26999544843150775 0.005806547306783211
0.030000000000000006 3.6552949867159193e-07 3.6498038056333796e-05 0.29999231846074004 0.007156242894134408
0.0363 6.469451360821531e-07 5.33693218977951e-05 0.32998767605255175 0.008642563491469748
0.043199999999999995 1.0893023171263055e-06 7.548224505389145e-05 0.3599810386979257 0.010263877882223868
0.0507 1.7588602501579511e-06 0.00010381007109636386 0.3899718362563851 0.012018401258201047
0.05880000000000001 2.740377026493379e-06 0.0001394028848840592 0.41995940613566446 0.013904195832535748
0.06749999999999999 4.140197976688217e-06 0.00018338566413642163 0.4499429892648005 0.015919171559345725
0.0768 6.089553019791027e-06 0.00023695620634202352 0.4799217269145054 0.018061086971096343
0.08670000000000001 8.748054381791618e-06 0.0003013829131871422 0.5098946584153091 0.020327550144706042
0.09720000000000001 1.2307385480741919e-05 0.00037800243483684416 0.5398607198202019 0.02271601980726746
0.10830000000000001 1.6995171210023104e-05 0.0004682171765444269 0.5698187435543473 0.02522380659193458
0.12000000000000002 2.3079019298797065e-05 0.0005734926702038928 0.5997674590898792 0.02784807445403636
0.1323 3.087072189063664e-05 0.0006953548135938897 0.6297054946788312 0.030585842256826368
0.1452 4.0730605958490394e-05 0.0008353869801897731 0.6596313801718894 0.03343398553547159
0.1587 5.3072020667306804e-05 0.0009952270025426824 0.6895435509449103 0.036389238446933404
0.17279999999999998 6.836594930561263e-05 0.0011765640323403764 0.7194403529490341 0.039448195912308616
0.1875 8.714573293489026e-05 0.0013811352803737229 0.7493200488937654 0.042607315956997065
0.2028 0.00011001189245149633 0.0016107226397349128 0.7791808255656212 0.04586292225275549
0.21870000000000003 0.00013763703532086916 0.0018671491956685562 0.8090208022779088 0.04921120686430965
0.23520000000000005 0.0001707708328286194 0.0021522756255847246 0.8388380404399096 0.05264823320174425
0.25229999999999997 0.00021024505329852316 0.002467996492823898 0.8686305542262932 0.05616993917839631
0.26999999999999996 0.00025697863635415084 0.0028162364378378434 0.8983963223199907 0.05977214057246772
0.2883 0.0003119827929495578 0.0031989462705180978 0.9281333006940881 0.06345053458906598
0.3072 0.0003763661155658386 0.003618098967465578 0.9578394363906255 0.06720070361791164
0.3267 0.0004513396826650464 0.0040756855780516455 0.9875126822465475 0.07101811918053025
0.34680000000000005 0.0005382221412116664 0.004573711043173522 1.0171510125095165 0.07489814605941328
0.36750000000000005 0.0006384447508151439 0.005114189930656718 1.046752439278948 0.0788360466003999
0.38880000000000003 0.0007535563728155074 0.005699142091305142 1.0763150297004764 0.08282698517842728
0.41069999999999995 0.000885228387428478 0.006330588239647513 1.1058369238352144 0.08686603281584337
0.43320000000000003 0.0010352595218872471 0.007010545463478332 1.135316353118635 0.09094817194168872
0.4563 0.0012055805723658055 0.007741022666344736 1.1647516593177663 0.09506830127975041
0.4800000000000001 0.0013982590023439484 0.008524015947189486 1.194141313889662 0.09922124085278931
0.5043000000000001 0.0016155033999772906 0.009361503921426718 1.2234839376388302 0.1034017370901431
0.5292 0.0018596677769673752 0.010255442987804167 1.2527783205665348 0.10760446802593189
0.5547 0.0021332556913876474 0.011207762545494852 1.2820234418005658 0.11182404857532971
0.5808 0.0024389241769111783 0.012220360165965973 1.3112184894903287 0.11605503587682688
0.6075 0.002779487460906028 0.013295096724295078 1.3403628805488368 0.12029193468908068
0.6348 0.003157920453914291 0.014433791494746212 1.3694562801204662 0.12452920283183276
0.6627000000000001 0.00357736199311175 0.01563821721558417 1.3984986206511216 0.1287612566614463
0.6911999999999999 0.004041117822456826 0.01691009512829531 1.4274901204357506 0.13298247657287005
0.7202999999999999 0.004552663292380632 0.018251089996601483 1.4564313015169355 0.13718721252124835
0.75 0.005115645762044584 0.019662805110900464 1.4853230068075365 0.14136978955794646
0.7803 0.005733886687398649 0.02114677728404471 1.5141664163100945 0.14552451337742053
0.8112 0.006411383378511896 0.022704471844681034 1.5429630623058341 0.14964567587310265
0.8427000000000001 0.007152310409918013 0.024337277634717432 1.5717148433866888 0.1537275607022702
0.8748000000000001 0.007961020668021974 0.026046502017862006 1.600424037204745 0.15776444886167715
0.9075000000000002 0.008842046019950185 0.027833365906590343 1.6290933118148647 0.16175062427753087
0.9408000000000002 0.009800097588595333 0.029698998815343283 1.6577257354880166 0.16568037941514657
0.9747000000000002 0.010840065619009118 0.031644433948234504 1.68632478487498 0.16954802091528015
1.0091999999999999 0.011967018921730698 0.033670603330054276 1.7148943514026305 0.17334787526569126
1.0443 0.013186203879106654 0.03577833298989127 1.743438745787978 0.17707429451788578
1.0799999999999998 0.014503043001158752 0.03796833820725184 1.7719627005584946 0.18072166206019755
1.1163 0.01592313301808995 0.04024121883113493 1.800471370471146 0.18428439845936687
1.1532 0.01745224249708525 0.04259745468311174 1.8289703307268654 0.1877569673835173
1.1907 0.019096308971663874 0.04503740105605973 1.857465572882149 0.19113388161990763
1.2288 0.020861435572470825 0.04756128432079971 1.8859634983649272 0.1944097092010073
1.2675 0.02275388714906113 0.05016919765347893 1.914470909508084 0.19757907965229513
1.3068 0.024780085872926055 0.052861096897118584 1.9429949980208823 0.20063669037468967
1.3467000000000002 0.026946606312740488 0.055636796571295936 1.9715433308262846 0.20357731317367464
1.3872000000000002 0.0292601699735704 0.0584959660444444 2.0001238332007456 0.20639580094596688
1.4283000000000003 0.03172763929257217 0.06143812588372304 2.0287447691626 0.2090870945329817
1.4700000000000002 0.03435601108453825 0.0644626443978128 2.057414719065717 0.21164622974838382
1.5122999999999998 0.03715240943149791 0.06756873438833413 2.0861425543667558 0.21406834458465634
1.5552000000000001 0.0401240780114658 0.07075545012583209 2.1149374095471187 0.2163486866009
1.5987 0.04327837186234479 0.0740216845664298 2.143808651184698 0.2184826204909846
1.6427999999999998 0.046622748577933915 0.07736616682530091 2.1727658441857236 0.22046563582773848
1.6875 0.0501647589339623 0.08078745992303288 2.2018187152034665 0.22229335497509137
1.7328000000000001 0.05391203694307199 0.08428395882075002 2.230977113288302 0.22396154115601954
1.7787000000000002 0.05787228933869915 0.08785388875951315 2.2602509678325737 0.22546610665979572
1.8252 0.06205328448885745 0.09149530391900872 2.289650243893888 0.2268031211674671
1.8723 0.06646284074190877 0.09520608640987605 2.3191848950017473 0.22796882016971015
1.9200000000000004 0.0711088142075108 0.098983945613187 2.34886481357478 0.22895961344629595
1.9683000000000002 0.07599908597706298 0.10282641787958559 2.3786997790990543 0.2297720935713876
2.0172000000000003 0.08114154878912498 0.10673086659941117 2.408699404241978 0.23040304440385737
2.0667000000000004 0.08654409314645849 0.11069448265376886 2.4388730791007958 0.23084944951680914
2.1168 0.09221459289254301 0.11471428525497482 2.469229913809587 0.23110850051561102
2.1675 0.09816089025663355 0.11878712318310113 2.4997786797535784 0.231177605189038
2.2188 0.10439078037766783 0.12290967642347375 2.530527749664229 0.23105439543371173
2.2706999999999997 0.11091199531858946 0.12707845820796176 2.561485036892646 0.23073673488795968
2.3232 0.11773218758392609 0.1312898174607369 2.5926579341820055 0.2302227262076199
2.3763 0.12485891315475488 0.13553994164690428 2.624053252281439 0.22951071791326327
2.43 0.13229961405649296 0.13982486002002636 2.6556771587638583 0.22859931073590703
2.4843 0.14006160047627145 0.14414044726210282 2.6875351174280566 0.2274873633866348
2.5392 0.1481520324479829 0.1484824275070563 2.7196318286806194 0.22617399767472127
2.5947 0.15657790112443662 0.1528463787362353 2.751971171305386 0.22465860289897502
2.6508000000000003 0.16534600965740998 0.15722773753190872 2.784556146036923 0.22294083943814016
2.7075000000000005 0.17446295370774173 0.16162180417222607 2.817388821359335 0.22102064146841335
2.7647999999999997 0.18393510160898532 0.16602374804867984 2.850470281952468 0.21889821873951026
2.8227 0.1937685742095107 0.17042861338477094 2.8838005802037183 0.21657405734529425
2.8811999999999998 0.2039692244193147 0.1748313252323748 2.9173786911951964 0.2140489194307952
2.9402999999999997 0.2145426164891878 0.1792266957202667 2.951202471562612 0.21132384178452568
3.0 0.22549400505124878 0.183609430527423 2.9852686226039293 0.20840013327332216
3.0603000000000002 0.2368283139512432 0.18797413555210005 3.019572657992701 0.20527937108648842
3.1212 0.2485501149043696 0.19231532374633636 3.054108876423065 0.20196339576672268
3.1827 0.26066360600775895 0.19662742208444373 3.088870339481031 0.19845430501711678
3.2448 0.27317259014409456 0.20090477863328107 3.123848855000237 0.19475444628629782
3.3075000000000006 0.28608045331220194 0.20514166969165837 3.1590349661203696 0.1908664081474158
3.3708000000000005 0.29939014292177657 0.20933230696610394 3.194417946223463 0.18679301050101924
3.4347000000000003 0.3131041460907334 0.21347084475047443 3.2299857998781403 0.18253729364671578
3.4992000000000005 0.32722446798496924 0.21755138707748417 3.2657252698752566 0.17810250628369192
3.5643000000000007 0.3417526102416111 0.22156799481119416 3.301621850391313 0.17349209251546427
3.630000000000001 0.3566895495180874 0.22551469265082486 3.337659806269369 0.16870967794940958
3.6963000000000004 0.3720357162106007 0.22938547601793358 3.3738221983619145 0.16375905499645813
3.6963000000000004 0.3720357162106007 0.22938547601793358 3.3738221983619145 0.16375905499645813
3.7629000000000006 0.3877197277744106 0.2331575940122755 3.379617709908837 0.15866736131396203
3.8295000000000003 0.4036649483447517 0.23681046757080576 3.3853451809500354 0.15346383482085965
3.8961000000000006 0.4198633367877182 0.24034145373489332 3.3909880370406196 0.14815536101251156
3.9627000000000003 0.4363066343290587 0.2437480676818564 3.3965302591534967 0.14274859202923648
4.0293 0.4529863743965171 0.2470279774459986 3.401956411200664 0.13724994452651337
4.0959 0.46989389235536577 0.2501789986396263 3.4072516636837715 0.13166559854058
4.1625000000000005 0.4870203351371293 0.25319908919601203 3.412401813668528 0.1260014973427017
4.229100000000001 0.5043566707615045 0.2560863441551234 3.4173933012922735 0.12026334826729705
4.2957 0.5218936977514689 0.25883899051170567 3.4222132230257314 0.11445662449168993
4.3623 0.5396220544415834 0.26145538214404157 3.4268493419186705 0.10858656773860667
4.4289000000000005 0.5575322281794873 0.2639339948404055 3.431290095064937 0.1026581918666043
4.495500000000001 0.5756145644205856 0.2662734214389286 3.435524598525211 0.0966762873084618
4.5621 0.5938592757159268 0.26847236709525446 3.439542649946062 0.09064542631318898
4.6287 0.612256450593278 0.2705296446910823 3.4433347291115832 0.08456996894364752
4.6953000000000005 0.6307960623313852 0.2724441703953895 3.4468919966593106 0.0784540697788679
4.761900000000001 0.6494679776274327 0.2742149593888851 3.450206291185515 0.0723016852678922
4.8285 0.6682619651576904 0.2758411217610194 3.4532701249564965 0.06611658168036752
4.8951 0.6871677040313559 0.27732185858769665 3.4560766784325327 0.05990234359809825
4.9617 0.7061747921375875 0.2786564581967172 3.4586197937997962 0.0536623828912524
5.028300000000001 0.7252727543857304 0.27984429262687965 3.4608939676931585 0.04739994812291642
5.094900000000001 0.7444510508387348 0.2808848142856646 3.4628943432795616 0.04111813432604361
5.1615 0.763699084739766 0.28177755280942124 3.46461670185771 0.03481989309759373
5.2281 0.7830062104320102 0.28252211212907624 3.466057454115548 0.02850804295566114
5.294700000000001 0.802361741171665 0.2831181677435031 3.467213631172335 0.02218527990663882
5.3613 0.8217549568341318 0.2835654642018595 3.4680828755174584 0.01585418817087883
5.4279 0.8411751115133922 0.28386381279545003 3.4686634319434124 0.009517251016862878
5.4945 0.8606114410145833 0.28401308945892056 3.46895413855585 0.0031768616555104263
5.561100000000001 0.8800531702397612 0.2840132328799209 3.4689544179293232 -0.00316466585208608
5.627700000000001 0.8994895204668559 0.28386424281572786 3.4686642684633675 -0.00950508571853001
5.6943 0.9189097165218252 0.28356617861470396 3.468084255980035 -0.015842209629010437
5.7609 0.9383029938439948 0.2831191579399028 3.467215505590866 -0.02217389605701308
5.827500000000001 0.957658605444591 0.2825233556915814 3.4660596938487096 -0.02849803973714728
5.8941 0.9769658287584658 0.28177900312486315 3.4646190411876936 -0.03481256133393733
5.960700000000001 0.996213972389022 0.28088638715828723 3.4628963046431593 -0.04111539734406807
6.0273 1.0153923827463183 0.2798458498685242 3.4608947708324327 -0.04740449026830151
6.0939000000000005 1.034490450578376 0.2786577881660397 3.4586182491669533 -0.05367777908812068
6.160500000000001 1.0534976173956743 0.27732265364607644 3.456071065256592 -0.05993319008102069
6.2271 1.0724033817888377 0.2758409526088427 3.453258054457868 -0.06616862800736137
6.2937 1.0911973056395166 0.27421324624238713 3.4501845555093653 -0.07238196770068471
6.3603000000000005 1.1098690202244645 0.2724401509612009 3.4468564041898913 -0.07857104609246364
6.426900000000001 1.1284082322127962 0.27052233889315136 3.4432799269278362 -0.08473365470129969
6.493500000000001 1.1468047295564503 0.2684605385069307 3.4394619342838957 -0.0908675326156364
6.5601 1.165048387273839 0.26625553537177665 3.4354097142237285 -0.09697035999807735
6.6267000000000005 1.183129173126691 0.2639081730407832 3.4311310250923657 -0.10303975213834152
6.693300000000001 1.2010371531900805 0.26141935404869915 3.426634088198265 -0.10907325408076732
6.7599 1.2187624973156626 0.25879004101467545 3.4219275799118622 -0.11506833585103447
6.826500000000001 1.2362954844880882 0.25602125783998964 3.4170206231813762 -0.12102238830540402
6.8931000000000004 1.253626508074618 0.25311409099035226 3.4119227783675004 -0.12693271962423314
6.9597 1.2707460809679225 0.2500696908519661 3.4066440332985075 -0.13279655246984823
7.026300000000001 1.2876448406220815 0.2468892731500886 3.4011947924482926 -0.13861102182691282
7.0929 1.3043135539817783 0.24357412041843635 3.3955858651419515 -0.1443731735413689
7.1595 1.3207431223046675 0.240125583507368 3.389828452696729 -0.1500799635716701
7.226100000000001 1.3369245858769614 0.23654508311839093 3.383934134410586 -0.15572825796348527
7.292700000000001 1.352849128622191 0.23283411135217316 3.3779148523162132 -0.16131483355626916
7.359300000000001 1.3685080826031648 0.22899423325690194 3.371782894625111 -0.16683637942710067
7.4259 1.3838929324171168 0.22502708836350163 3.365550877794319 -0.1722894990739427
7.4925000000000015 1.3989953194840559 0.22093439219397118 3.359231727157484 -0.17767071333708173
7.559100000000001 1.4138070462282908 0.21671793772883033 3.352838656072198 -0.18297646405386545
7.6257 1.4283200801531712 0.2123795968195082 3.346385143546812 -0.18820311843809615
7.6923 1.4425265578089999 0.20792132153133253 3.3398849103221906 -0.19334697417149704
7.758900000000001 1.4564187886541395 0.20334514540274076 3.333351893397004 -0.1984042651906846
7.8255 1.4699892588093342 0.19865318460627293 3.3268002189990598 -0.20337116814894537
7.892100000000001 1.4832306347051878 0.193847638997021 3.32024417401972 -0.2082438095280269
7.9587 1.4961357666228665 0.18893079303428922 3.3136981759434505 -0.21301827337102022
8.025300000000001 1.5086976921279769 0.1839050165624968 3.3071767413199384 -0.21769060960336076
8.0919 1.5209096393976365 0.17877276543761023 3.3006944528416966 -0.22225684290501632
8.1585 1.5327650304407454 0.17353658198584726 3.294265925105604 -0.22671298209310314
8.225100000000001 1.5442574842114452 0.16819909528186125 3.2879057691520828 -0.23105502997055932
8.2917 1.5553808196157655 0.16276302123422684 3.2816285558905487 -0.23527899359308832
8.358300000000002 1.5661290584114704 0.15723116246677266 3.2754487785340705 -0.2393808949034759
8.424900000000001 1.5764964280010936 0.15160640798507016 3.269380814179754 -0.24335678167953576
8.4915 1.5864773641181729 0.14589173261838145 3.26343888468399 -0.2472027387395202
8.5581 1.5960665134066598 0.140090196228294 3.257637016993282 -0.2509148993466221
8.6247 1.6052587358935382 0.13420494267648123 3.25198900310163 -0.25448945675261075
8.6913 1.6140491073546372 0.1282391985451691 3.246508359814441 -0.2579226758192322
8.757900000000001 1.6224329215736122 0.12219627160525555 3.2412082885063938 -0.2612109046551824
8.8245 1.6304056924941486 0.11607954902839762 3.236101635066585 -0.26435058620602386
8.8911 1.6379631562653403 0.10989249534085253 3.231200850228586 -0.26733826973438857
8.9577 1.6451012731802641 0.10363865011840998 3.2265179504856674 -0.27017062212821735
9.0243 1.6518162295077479 0.0973216254233431 3.2220644797923415 -0.27284443897568367
9.090900000000001 1.658104439217332 0.09094510298593624 3.217851472252696 -0.2753566553466062
9.1575 1.6639625455974025 0.08451283113484896 3.2138894159934797 -0.27770435622189643
9.224100000000002 1.6693874227665724 0.07802862148220795 3.210188218415982 -0.27988478651448356
9.290700000000001 1.6743761770781835 0.07149634537105928 3.2067571730150983 -0.28189536062755993
9.3573 1.6789261484180567 0.0649199300944633 3.2036049279469534 -0.28373367149864354
9.4239 1.6830349113954 0.05830335489712426 3.2007394565179874 -0.2853974990808495
9.4905 1.6867002764269299 0.051650646772101134 3.1981680297587007 -0.28688481821602224
9.5571 1.6899202907141764 0.044965876066589104 3.1958971912343284 -0.2881938058577302
9.623700000000001 1.6926932391139775 0.038253151912269016 3.193932734232713 -0.28932284760582416
9.6903 1.6950176449021745 0.031516617497026875 3.1922796814567196 -0.29027054351799764
9.7569 1.6968922704304865 0.02476044519608443 3.190942267334731 -0.291035713167763
9.823500000000001 1.6983161176766044 0.017988831581664807 3.189923923048237 -0.29161739992231117
9.8901 1.6992884286874468 0.011205992331322811 3.189227264360382 -0.2920148744178985
9.956700000000001 1.6998086859156014 0.0044161570557956185 3.1888540823137195 -0.2922276372146286
10.0233 1.6998766124490088 -0.002376435932048526 3.1888053368492715 -0.2922554206168441
10.0899 1.699492172133804 -0.009167544885157843 3.1890811533827006 -0.2920981896496719
10.156500000000001 1.6986555695903252 -0.015952929904834334 3.189680822356805 -0.29175614218664203
10.2231 1.6973672501223722 -0.02272835821539679 3.1906028017728003 -0.29122970822775723
10.2897 1.6956278995196232 -0.029489609408667693 3.1918447226862496 -0.2905195483317049
10.356300000000001 1.6934384437532337 -0.03623248063607854 3.1934033976367786 -0.2896265512103952
10.4229 1.6908000485646553 -0.042952791726745536 3.19527483196435 -0.28855183049829036
10.489500000000001 1.6877141189476417 -0.04964639021038194 3.197454237948643 -0.28729672071337614
10.5561 1.6841822985234316 -0.05630915622470486 3.1999360516923527 -0.2858627724308467
10.6227 1.680206468809112 -0.06293700728787816 3.202713952653829 -0.2842517466948265
10.689300000000001 1.6757887483792384 -0.0695259029176287 3.2057808857198604 -0.28246560869747267
10.7559 1.6709314919205638 -0.07607184907982441 3.209129085695302 -0.2805065207588464
10.822500000000002 1.6656372891800193 -0.08257090245065937 3.212750104073039 -0.27837683464479085
10.889100000000001 1.6599089638058735 -0.08901917447792906 3.2166348379355485 -0.27607908326365316
10.9557 1.653749572082046 -0.09541283522847001 3.220773560828009 -0.2736159717862774
11.022300000000001 1.6471624015556863 -0.10174811701033395 3.225155955432839 -0.27099036823687495
11.0889 1.6401509695578542 -0.10802131775992603 3.2297711478666913 -0.26820529360546885
11.155500000000002 1.6327190216175191 -0.1142288041860083 3.234607743413475 -0.26526391153528733
11.222100000000001 1.624870529768585 -0.12036701466410436 3.239653863500879 -0.26216951764099217
11.288700000000002 1.6166096907502627 -0.1264324618766173 3.2448971837234977 -0.2589255285156317
11.355300000000002 1.607940924100535 -0.1324217351955118 3.2503249727125842 -0.25553547048607367
11.4219 1.5988688701428644 -0.13833150280625325 3.2559241316513976 -0.2520029681779352
11.4885 1.589398387866082 -0.14415851357309534 3.2616812342353816 -0.24833173295203312
11.5551 1.5795345526974467 -0.14989959864752397 3.267582566878583 -0.24452555127496958
11.6217 1.5692826541689255 -0.15555167282310162 3.2736141689715663 -0.24058827308646896
11.6883 1.5586481934766425 -0.1611117356413654 3.2797618730013913 -0.23652380022592512
11.754900000000001 1.5476368809335694 -0.16657687225476664 3.286011344351344 -0.23233607497971426
11.8215 1.5362546333153215 -0.17194425405393107 3.292348120606545 -0.2280290688098098
11.888100000000001 1.5245075710992184 -0.17721113906761302 3.29875765020154 -0.22360677132249782
11.9547 1.5124020155965239 -0.18237487214480794 3.305225330257116 -0.21907317953412186
12.0213 1.4999444859778785 -0.18743288492940152 3.3117365434659414 -0.21443228748832666
12.087900000000001 1.4871416961918484 -0.1923826956385911 3.318276693899907 -0.2096880762766104
12.1545 1.474000551776836 -0.197221908657099 3.324831241626206 -0.204844504510937
12.221100000000002 1.460528146566002 -0.20194821395971094 3.331385736033878 -0.19990549929381154
12.287700000000001 1.4467317592854654 -0.20655938637535146 3.337925847787785 -0.19487494772770278
12.354300000000002 1.4326188500457357 -0.21105328470623577 3.3444373993424286 -0.1897566890018884
12.420900000000001 1.4181970567262443 -0.21542785071601345 3.3509063939634918 -0.18455450709094987
12.4875 1.4034741912531183 -0.2196811080010461 3.3573190432205107 -0.17927212409498022
12.554100000000002 1.3884582357701856 -0.22381116075921198 3.363661792929166 -0.17391319424761761
12.620700000000001 1.3731573387030602 -0.22781619247053253 3.369921347536333 -0.16848129861379485
12.687300000000002 1.3575798107165502 -0.23169446450413278 3.3760846929552795 -0.16297994049499473
12.753900000000002 1.3417341205651647 -0.23544431466582585 3.3821391178716 -0.1574125415558251
12.820500000000001 1.3256288908368523 -0.23906415570056966 3.388072233553155 -0.15178243868168667
12.887100000000002 1.309272893589923 -0.24255247376386455 3.3938719922087923 -0.14609288157353845
12.953700000000001 1.2926750458831773 -0.24590782687592472 3.399526703951204 -0.1403470310820949
13.020300000000002 1.2758444051991908 -0.24912884337215005 3.4050250524286954 -0.13454795828027447
13.0869 1.2587901647608142 -0.2522142203632085 3.410356109199018 -0.12869864426945585
13.153500000000001 1.241521648740921 -0.2551627222176224 3.415509346925489 -0.1228019807120531
13.2201 1.2240483073652264 -0.25797317907943457 3.4204746514816176 -0.11686077107999586
13.286700000000002 1.2063797119083688 -0.2606444854331174 3.4252423330551838 -0.11087773260617122
13.3533 1.1885255495832574 -0.2631755987275734 3.4298031363463686 -0.10485549892340743
13.4199 1.1704956183234447 -0.26556553807049876 3.4341482499568388 -0.09879662337347409
13.486500000000001 1.152299821458815 -0.26781338300415436 3.438269315068116 -0.09270358296658833
13.5531 1.1339481622844314 -0.2699182723730366 3.4421584335077546 -0.08657878297012747
13.619700000000002 1.1154507385225543 -0.27187940329352644 3.445808175300951 -0.08042456210370715
13.686300000000001 1.0968177366779859 -0.2736960302352427 3.4492115858035497 -0.07424319831636926
13.7529 1.0780594262862895 -0.2753674642232543 3.452362192509471 -0.06803691512028262
13.819500000000001 1.0591861540555971 -0.27689307217004444 3.455254011622088 -0.06180788845430841
13.8861 1.040208337901321 -0.27827227634551355 3.457881554474428 -0.05555825404959816
13.952700000000002 1.0211364608741658 -0.27950455399306273 3.460239833877872 -0.04929011526850591
14.019300000000001 1.0019810649813508 -0.28058943709919404 3.462324370472799 -0.0430055513869813
14.0859 0.9827527449009406 -0.2815265123237561 3.4641311991478414 -0.03670662628991284
14.152500000000002 0.963462141589515 -0.2823154210974956 3.4656568755869075 -0.03039539754761654
14.219100000000001 0.9441199357828491 -0.28295585989312844 3.4668984829947798 -0.024073925841053317
14.285700000000002 0.9247368413899135 -0.2834475806757186 3.46785363904332 -0.01774428470202161
14.352300000000001 0.9053235987800505 -0.2837903915377153 3.4685205030707285 -0.011408570533664912
14.418900000000002 0.885890967963272 -0.28398415752346284 3.4688977835560904 -0.005068912875472423
14.485500000000002 0.8664497216638765 -0.28402880164771876 3.4689847458808907 0.0012725151243885551
14.552100000000001 0.8470106382870917 -0.28392430611191 3.468781220377519 0.007613486067794957
14.618700000000002 0.8275844947790141 -0.28367071372167446 3.468287610653192 0.013951707536321202
14.685300000000002 0.8081820593798206 -0.2832681295084798 3.4675049021650817 0.020284811233148847
14.751900000000003 0.7888140842699869 -0.2827167225576285 3.466434671009527 0.02661034208017243
14.8185 0.7694912981098021 -0.28201672804431555 3.465079092874782 0.03292574731480152
14.885100000000001 0.7502243984720849 -0.2811684494788896 3.463440952092973 0.03922836563276886
14.9517 0.7310240441680271 -0.28017226116157024 3.4615236507125737 0.04551541642466471
15.0183 0.7119008474663673 -0.27902861084647945 3.4593312174984874 0.051783989155845055
15.084900000000001 0.6928653662055346 -0.2777380226137271 3.4568683167518888 0.058031032940738296
15.1515 0.6739280957992264 -0.2763010999477723 3.454140256827484 0.06425334636407704
15.218100000000002 0.6550994611350092 -0.27471852901934013 3.4511529982111524 0.07044756760292811
15.2847 0.6363898083661503 -0.272991082167115 3.447913161006324 0.07661016490448386
15.351300000000002 0.6178093965966802 -0.27111962157472774 3.444428031663681 0.08273742747528702
15.417900000000001 0.5993683894596771 -0.2691051031373731 3.4407055687751043 0.0888254568382414
15.4845 0.5810768465885907 -0.2669485805113007 3.436754407740124 0.09487015871364604
15.551100000000002 0.5629447149819136 -0.26465120933854097 3.4325838641016446 0.10086723548035616
15.617700000000001 0.5449818202610359 -0.2622142516376207 3.4282039353369056 0.1068121792721357
15.684300000000002 0.5271978578211716 -0.2596390803504323 3.4236253008812687 0.11270026576294176
15.750900000000001 0.5096023838755706 -0.2569271840335276 3.418859320154604 0.11852654869284115
15.8175 0.49220480639294095 -0.25408017168137476 3.4139180283554005 0.12428585518341274
15.884100000000002 0.475014375928005 -0.25109977766741454 3.40881412978424 0.1299727818883116
15.950700000000001 0.4580401763452713 -0.24798786678769102 3.4035609884581057 0.13558169202017234
16.017300000000002 0.44129111543599464 -0.24474643939040092 3.3981726157787935 0.14110671329046337
16.0839 0.4247759154283415 -0.24137763657345623 3.3926636550237546 0.14654173679292318
16.1505 0.40850310339073204 -0.23788374543082583 3.387049362435369 0.15188041685495773
16.217100000000002 0.39248100152844856 -0.234267204327145 3.381345584695475 0.15711617187403318
16.2837 0.37671771737319304 -0.2305306081790666 3.3755687325859225 0.16224218614834715
16.3503 0.3612211338661879 -0.2266767137205946 3.3697357506525827 0.16725141270249985
16.416900000000002 0.34599889933424066 -0.22270844472860665 3.36386408271005 0.1721365770996486
16.4835 0.33105841735905983 -0.21862889718401976 3.35797163304666 0.17689018222223923
16.5501 0.3164068365396915 -0.21444134434320705 3.3520767232143687 0.18150451399323192
16.6167 0.30205104014833495 -0.21014924169389113 3.346198044315183 0.18597164799957247
16.6833 0.28799763567909054 -0.20575623176904764 3.3403546047244297 0.19028345696923996
16.7499 0.2742529442902111 -0.20126614879256094 3.3345656732215025 0.1944316190429075
16.8165 0.26082299013922494 -0.19668302313025718 3.3288507175296798 0.19840762677075677
16.8831 0.24771348961137818 -0.1920110855202049 3.323229338297633 0.20220279675526298
16.9497 0.23492984044150944 -0.18725477105723612 3.3177211985863253 0.20580827985135314
17.0163 0.2224771107286756 -0.18241872290695646 3.312345948954664 0.20921507182618618
17.082900000000002 0.21036002784430963 -0.17750779572626105 3.307123148265625 0.21241402437310333
17.1495 0.19858296723332813 -0.17252705876893873 3.302072180360577 0.2153958563670534
17.2161 0.18714994110876404 -0.16748179865647783 3.297212166772443 0.21815116524276343
17.282700000000002 0.17606458703925654 -0.1623775217970052 3.2925618756682256 0.2206704383721911
17.3493 0.16533015642984594 -0.1572199564375681 3.2881396272266854 0.22294406431461766
17.4159 0.15494950289602372 -0.15201505433805212 3.28396319566829 0.22496234381056288
17.482499999999998 0.14492507053090975 -0.1467689920584769 3.280049708160535 0.22671550039086844
17.5491 0.13525888206557823 -0.14148817185473042 3.2764155408227045 0.2281936904734562
17.6157 0.1259525269228874 -0.13617922218205042 3.2730762120494723 0.22938701282404553
17.6823 0.11700714916383959 -0.13084899780954617 3.2700462733626074 0.2302855172622859
17.7489 0.10842343532804222 -0.1255045795534861 3.267339197984214 0.23087921250228702
17.8155 0.10020160216632235 -0.12015327364171721 3.264967267303491 0.2311580730264596
17.8821 0.09234138426754868 -0.11480261072614119 3.2629414553825824 0.23111204490335138
17.948700000000002 0.0848420215779413 -0.10946034456525815 3.261271311615415 0.2307310504752749
18.0153 0.0777022468137929 -0.10413445040310297 3.2599648416176485 0.23000499185852008
18.0819 0.07092027276754465 -0.09883312307599372 3.2590283863863574 0.22892375321970843
18.1485 0.06449377950674773 -0.09356477488314113 3.2584664997259463 0.22747720181529488
18.2151 0.058419901466422175 -0.08833803326103981 3.2582818238928377 0.22565518780860347
18.2817 0.052695214434564264 -0.08316173830640626 3.258474963367711 0.2234475429101092
18.348300000000002 0.047315722430994356 -0.07804494019539063 3.259044356621565 0.22084407792232214
18.4149 0.04227684447897673 -0.07299689655070433 3.259986145703444 0.21783457931135852
18.4815 0.03757340127049247 -0.06802706981052416 3.2612940434452393 0.2144088049736926
18.5481 0.03319960172434833 -0.0631451246555731 3.2629591980565666 0.21055647941896438
18.614700000000003 0.029149029437931517 -0.058360925551941674 3.2649700548736713 0.20626728864921545
18.6813 0.025414629031516256 -0.05368453446786422 3.2673122150354583 0.2015308750823831
18.7479 0.02198869238642942 -0.049126208822542074 3.2699682908936714 0.1963368329432439
18.8145 0.018862844775838994 -0.04469639972405987 3.272917758028588 0.19067470463073063
18.881100000000004 0.01602803088914584 -0.04040575055081637 3.276136803846342 0.18453397866524138
18.9477 0.013474500749310891 -0.036265095928195525 3.279598172887627 0.1779040899263463
19.014300000000002 0.011191795523671999 -0.03228546114736866 3.2832710091929727 0.17077442300841542
19.0809 0.00916873322735512 -0.028478062067462295 3.2871206963595996 0.16313431965131978
19.1475 0.007393394320857283 -0.0248543055354621 3.29110869630546 0.15497309134393908
19.214100000000002 0.0058531071996981154 -0.021425790349411306 3.2951923882439638 0.1462800383503659
19.2807 0.0045344335781436484 -0.01820430878095532 3.299324909988164 0.1370444765699113
19.3473 0.0034231537655813327 -0.015201848660531328 3.303455004465409 0.12725577381098627
19.413899999999998 0.0025042518364131183 -0.012430596016732557 3.307526875254439 0.11690339723135745
19.4805 0.0017619006932392267 -0.00990293824412051 3.311480056076346 0.1059769738684758
19.5471 0.0011794470223662756 -0.007631467757363083 3.3152493004974253 0.09446636634610059
19.6137 0.0007393961439561281 -0.005628986069957088 3.3187644996485717 0.08236176598836319
19.6803 0.0004233967538453953 -0.0039085082125391935 3.3219506375383716 0.06965380568646422
19.746900000000004 0.00021222555997724157 -0.002483267382138286 3.3247277955279606 0.05633369493271392
19.8135 8.577181064595152e-05 -0.0013667196846273964 3.3270112197214536 0.04239337944019753
19.880100000000002 2.3021717268534303e-05 -0.0005725488024812754 3.328711467357153 0.02782572768420011
19.9467 2.0427690259339215e-06 -0.00011467038478417421 3.329734650683052 0.012624746504794225
