0 0
0.04 -0.0105
0.08 -0.021
0.12 -0.0315
0.16 -0.042
0.2 -0.0525
0.24 -0.063
0.28 -0.0735
0.32 -0.084
0.36 -0.0945
0.4 -0.105
0.44 -0.1155
0.48 -0.126
0.52 -0.1365
0.56 -0.147
0.6 -0.1575
0.64 -0.168
0.68 -0.1785
0.72 -0.189
0.76 -0.1995
0.8 -0.21
0.84 -0.2205
0.88 -0.231
0.92 -0.2415
0.96 -0.252
1.0 -0.2625
1.04 -0.273
1.08 -0.2835
1.12 -0.294
1.16 -0.3045
1.2 -0.315
1.24 -0.3255
1.28 -0.336
1.3 -0.3465
1.3 -0.357
1.3 -0.3675
1.3 -0.378
1.3 -0.3885
1.3 -0.399
1.3 -0.4095
1.3 -0.42
1.3 -0.4305
1.3 -0.441
1.3 -0.4515
1.3 -0.462
1.3 -0.4725
1.3 -0.483
1.3 -0.4935
1.3 -0.504
1.3 -0.5145
1.3 -0.525
1.3 -0.5355
1.3 -0.546
1.3 -0.5565
1.3 -0.567
1.3 -0.5775
1.3 -0.588
1.3 -0.5985
1.3 -0.609
1.3 -0.5985
1.3 -0.588
1.3 -0.5985
1.3 -0.609
1.3 -0.6195
1.3 -0.63
1.3 -0.6405
1.3 -0.651
1.3 -0.6615
1.3 -0.672
1.3 -0.6825
1.3 -0.693
1.3 -0.6825
1.3 -0.672
1.3 -0.6615
1.3 -0.651
1.3 -0.6405
1.3 -0.63
1.3 -0.6195
1.3 -0.609
1.3 -0.5985
1.3 -0.588
1.3 -0.5775
1.3 -0.567
1.3 -0.5565
1.3 -0.546
1.3 -0.5355
1.3 -0.525
1.3 -0.5145
1.3 -0.504
1.3 -0.4935
1.3 -0.483
1.3 -0.4725
1.3 -0.462
1.3 -0.4515
1.3 -0.441
1.3 -0.4305
1.3 -0.42
1.3 -0.4095
1.3 -0.399
1.3 -0.3885
1.3 -0.378
1.3 -0.3675
1.3 -0.357
1.3 -0.3465
1.3 -0.336
1.3 -0.3255
1.3 -0.315
1.3 -0.3045
1.3 -0.294
1.3 -0.2835
1.3 -0.273
1.3 -0.2625
1.3 -0.252
1.3 -0.2415
1.3 -0.231
1.3 -0.2205
1.3 -0.21
1.3 -0.1995
1.3 -0.189
1.3 -0.1785
1.3 -0.168
1.3 -0.1575
1.3 -0.147
1.3 -0.1365
1.3 -0.126
1.3 -0.1155
1.3 -0.105
1.3 -0.0945
1.3 -0.084
1.3 -0.0735
1.3 -0.063
1.3 -0.0525
1.3 -0.042
1.3 -0.0315
1.3 -0.021
1.3 -0.0105
1.3 -0.0
1.3 0.0105
1.3 0.021
1.3 0.0315
1.3 0.042
1.3 0.0525
1.3 0.063
1.3 0.0735
1.3 0.084
1.3 0.0945
1.3 0.105
1.3 0.1155
1.3 0.126
1.3 0.1365
1.3 0.147
1.3 0.1575
1.3 0.168
1.3 0.1785
1.3 0.189
1.3 0.1995
1.3 0.21
1.3 0.2205
1.3 0.231
1.3 0.2415
1.3 0.252
1.3 0.2625
1.3 0.273
1.3 0.2835
1.3 0.294
1.3 0.3045
1.3 0.315
1.3 0.3255
1.3 0.336
1.3 0.3465
1.3 0.357
1.3 0.3675
1.3 0.378
1.3 0.3885
1.3 0.399
1.3 0.4095
1.3 0.42
1.3 0.4305
1.3 0.441
1.3 0.4515
1.3 0.462
1.3 0.4725
1.3 0.483
1.3 0.4935
1.3 0.504
1.3 0.5145
1.3 0.525
1.3 0.5355
1.3 0.546
1.3 0.5565
1.3 0.567
1.3 0.5775
1.3 0.588
1.3 0.5985
1.3 0.609
1.3 0.6195
1.3 0.63
1.3 0.6405
1.3 0.651
1.3 0.6615
1.3 0.672
1.3 0.6825
1.3 0.693
1.3 0.7035
1.3 0.714
1.3 0.7245
1.3 0.735
1.3 0.7455
1.3 0.756
1.3 0.7665
1.3 0.777
1.3 0.7854
1.3 0.7854
1.3 0.7854
1.3 0.7854
1.3 0.7854
1.3 0.7854
1.3 0.7854
1.3 0.7854
1.3 0.7854
1.3 0.7854
1.3 0.7854
1.3 0.7854
1.3 0.7854
1.3 0.7854
1.3 0.7854
1.3 0.7854
1.3 0.7854
1.3 0.7854
1.3 0.7854
1.3 0.7854
1.3 0.7854
1.3 0.7854
1.3 0.7854
1.3 0.7854
1.3 0.7854
1.3 0.7854
1.3 0.7854
1.3 0.7854
1.3 0.7854
1.3 0.7854
1.3 0.7854
1.3 0.7854
1.3 0.7854
1.3 0.7854
1.3 0.7854
1.3 0.7854
1.3 0.7854
1.3 0.7854
1.3 0.7854
1.3 0.7854
1.3 0.7854
1.3 0.7854
1.3 0.7854
1.3 0.7854
1.3 0.7854
1.3 0.7854
1.3 0.7854
1.3 0.7854
1.3 0.7854
1.3 0.7854
1.3 0.7854
1.3 0.7854
1.3 0.7854
1.3 0.7854
1.3 0.7854
1.3 0.7854
1.3 0.7854
1.3 0.7854
1.3 0.7854
1.3 0.7854
1.3 0.7854
1.3 0.7854
1.3 0.7854
1.3 0.7854
1.3 0.7854
1.3 0.7854
1.3 0.7854
1.3 0.7854
1.3 0.7854
1.3 0.7854
1.3 0.7854
1.3 0.7854
1.3 0.7854
1.3 0.7854
1.3 0.7854
1.3 0.7854
1.3 0.7854
1.3 0.7854
1.3 0.7854
1.3 0.7854
1.3 0.7854
1.3 0.7854
1.3 0.7854
1.3 0.7854
1.3 0.7854
1.3 0.7854
1.3 0.7854
1.3 0.7854
1.3 0.7854
1.3 0.7854
1.3 0.7854
1.3 0.7854
1.3 0.7854
1.3 0.7854
1.3 0.7854
1.3 0.7854
1.3 0.7854
1.3 0.7854
1.3 0.7854
1.3 0.7854
1.3 0.7854
1.3 0.7854
1.3 0.7854
1.3 0.7749
1.3 0.7644
1.3 0.7539
1.3 0.7434
1.3 0.7329
1.3 0.7224
1.3 0.7119
1.3 0.7014
1.3 0.6909
1.3 0.6804
1.3 0.6699
1.3 0.6594
1.3 0.6489
1.3 0.6384
1.3 0.6279
1.3 0.6174
1.3 0.6069
1.3 0.5964
1.3 0.5859
1.3 0.5754
1.3 0.5649
1.3 0.5544
1.3 0.5439
1.3 0.5334
1.3 0.5229
1.3 0.5124
1.3 0.5019
1.3 0.4914
1.3 0.4809
1.3 0.4704
1.3 0.4599
1.3 0.4494
1.3 0.4389
1.3 0.4284
1.3 0.4179
1.3 0.4074
1.3 0.3969
1.3 0.3864
1.3 0.3759
1.3 0.3654
1.3 0.3549
1.3 0.3444
1.3 0.3339
1.3 0.3234
1.3 0.3129
1.3 0.3024
1.3 0.2919
1.3 0.2814
1.3 0.2709
1.3 0.2604
1.3 0.2499
1.3 0.2394
1.3 0.2289
1.3 0.2184
1.3 0.2079
1.3 0.1974
1.3 0.1869
1.3 0.1764
1.3 0.1659
1.3 0.1554
1.3 0.1449
1.3 0.1344
1.3 0.1239
1.3 0.1134
1.3 0.1029
1.3 0.0924
1.3 0.0819
1.3 0.0714
1.3 0.0609
1.3 0.0504
1.3 0.0399
1.3 0.0294
1.3 0.0189
1.3 0.0084
1.3 -0.0021
1.3 -0.0126
1.3 -0.0231
1.3 -0.0336
1.3 -0.0441
1.3 -0.0546
1.3 -0.0651
1.3 -0.0756
1.3 -0.0861
1.3 -0.0966
1.3 -0.1071
1.3 -0.1176
1.3 -0.1281
1.3 -0.1386
1.3 -0.1491
1.3 -0.1596
1.3 -0.1701
1.3 -0.1806
1.3 -0.1911
1.3 -0.2016
1.3 -0.2121
1.3 -0.2226
1.3 -0.2331
1.3 -0.2436
1.3 -0.2541
1.3 -0.2646
1.3 -0.2751
1.3 -0.2856
1.3 -0.2961
1.3 -0.3066
1.3 -0.3171
1.3 -0.3276
1.3 -0.3381
1.3 -0.3486
1.3 -0.3591
1.3 -0.3696
1.3 -0.3801
1.3 -0.3906
1.26 -0.4011
1.3 -0.4116
1.3 -0.4221
1.3 -0.4326
1.3 -0.4431
1.3 -0.4536
1.3 -0.4641
1.3 -0.4746
1.3 -0.4851
1.3 -0.4956
1.3 -0.5061
1.3 -0.5166
1.3 -0.5271
1.3 -0.5376
1.3 -0.5481
1.3 -0.5586
1.3 -0.5691
1.3 -0.5796
1.3 -0.5901
1.3 -0.6006
1.3 -0.6111
1.3 -0.6216
1.3 -0.6321
1.3 -0.6426
1.3 -0.6531
1.3 -0.6636
1.3 -0.6741
1.3 -0.6846
1.3 -0.6951
1.3 -0.7056
1.3 -0.7161
1.26 -0.7266
1.22 -0.7371
1.18 -0.7476
1.14 -0.7581
1.1 -0.7686
1.06 -0.7791
1.02 -0.7854
1.06 -0.7854
1.1 -0.7854
1.14 -0.7854
1.18 -0.7854
1.22 -0.7854
1.26 -0.7854
1.3 -0.7854
1.3 -0.7854
1.3 -0.7854
1.3 -0.7854
1.3 -0.7854
1.3 -0.7854
1.3 -0.7854
1.3 -0.7854
1.3 -0.7854
1.3 -0.7854
1.3 -0.7854
1.3 -0.7854
1.3 -0.7854
1.3 -0.7854
1.3 -0.7854
1.26 -0.7854
1.22 -0.7854
1.18 -0.7854
1.14 -0.7854
1.1 -0.7854
1.06 -0.7854
1.02 -0.7854
0.98 -0.7854
0.94 -0.7854
0.9 -0.7854
0.86 -0.7854
0.82 -0.7854
0.78 -0.7854
0.74 -0.7854
0.78 -0.7854
0.82 -0.7854
0.86 -0.7854
0.9 -0.7854
0.94 -0.7854
0.98 -0.7854
1.02 -0.7854
1.06 -0.7854
1.1 -0.7854
1.14 -0.7854
1.18 -0.7854
1.22 -0.7854
1.26 -0.7854
1.3 -0.7854
1.3 -0.7854
1.3 -0.7854
1.26 -0.7854
1.22 -0.7854
1.18 -0.7854
1.14 -0.7854
1.1 -0.7854
1.06 -0.7854
1.02 -0.7854
0.98 -0.7854
0.94 -0.7854
0.9 -0.7854
0.86 -0.7854
0.82 -0.7854
0.78 -0.7854
0.74 -0.7854
0.7 -0.7854
0.74 -0.7854
0.78 -0.7854
0.82 -0.7854
0.86 -0.7854
0.9 -0.7854
0.94 -0.7854
0.98 -0.7854
1.02 -0.7854
1.06 -0.7854
1.1 -0.7854
1.14 -0.7854
1.18 -0.7854
1.22 -0.7854
1.26 -0.7854
1.3 -0.7854
1.3 -0.7854
1.3 -0.7854
1.26 -0.7854
1.22 -0.7854
1.18 -0.7854
1.14 -0.7854
1.1 -0.7854
1.06 -0.7854
1.02 -0.7854
0.98 -0.7854
0.94 -0.7854
0.9 -0.7854
0.86 -0.7854
0.82 -0.7854
0.78 -0.7854
0.74 -0.7854
0.78 -0.7854
0.82 -0.7854
0.86 -0.7854
0.9 -0.7854
0.94 -0.7854
0.98 -0.7854
1.02 -0.7854
1.06 -0.7854
1.1 -0.7854
1.14 -0.7854
1.18 -0.7854
1.22 -0.7854
1.26 -0.7854
1.3 -0.7854
1.3 -0.7854
1.3 -0.7854
1.3 -0.7854
1.3 -0.7854
1.26 -0.7854
1.22 -0.7854
1.18 -0.7854
1.14 -0.7854
1.1 -0.7854
1.06 -0.7854
1.02 -0.7854
0.98 -0.7854
0.94 -0.7854
0.9 -0.7854
0.86 -0.7854
0.82 -0.7854
0.78 -0.7854
0.74 -0.7854
0.78 -0.7854
0.82 -0.7854
0.86 -0.7854
0.9 -0.7854
0.94 -0.7854
0.98 -0.7854
1.02 -0.7854
1.06 -0.7854
1.1 -0.7854
1.14 -0.7854
1.18 -0.7854
1.22 -0.7854
1.26 -0.7854
1.3 -0.7854
1.3 -0.7854
1.3 -0.7854
1.3 -0.7854
1.3 -0.7854
1.3 -0.7854
1.3 -0.7854
1.26 -0.7854
1.22 -0.7854
1.18 -0.7854
1.14 -0.7854
1.1 -0.7854
1.06 -0.7854
1.02 -0.7854
0.98 -0.7854
1.02 -0.7854
1.06 -0.7854
1.1 -0.7854
1.14 -0.7854
1.18 -0.7854
1.22 -0.7854
1.26 -0.7854
1.3 -0.7854
1.3 -0.7854
1.3 -0.7854
1.3 -0.7854
1.3 -0.7854
1.3 -0.7854
1.3 -0.7854
1.3 -0.7854
1.3 -0.7854
1.3 -0.7854
1.3 -0.7854
1.3 -0.7854
1.3 -0.7854
1.3 -0.7854
1.3 -0.7854
1.3 -0.7854
1.3 -0.7854
1.3 -0.7854
1.3 -0.7854
1.3 -0.7854
1.3 -0.7854
1.3 -0.7854
1.3 -0.7854
1.26 -0.7854
1.22 -0.7854
1.26 -0.7854
1.3 -0.7854
1.3 -0.7854
1.3 -0.7854
1.3 -0.7854
1.3 -0.7854
1.3 -0.7854
1.3 -0.7854
1.3 -0.7854
1.3 -0.7854
1.3 -0.7854
1.3 -0.7854
1.3 -0.7854
1.3 -0.7854
1.3 -0.7854
1.3 -0.7854
1.3 -0.7854
1.3 -0.7854
1.3 -0.7854
1.3 -0.7854
1.3 -0.7854
1.3 -0.7854
1.3 -0.7854
1.3 -0.7854
1.3 -0.7854
1.3 -0.7854
1.3 -0.7854
1.3 -0.7854
1.3 -0.7854
1.3 -0.7749
1.3 -0.7644
1.3 -0.7539
1.3 -0.7434
1.3 -0.7329
1.3 -0.7224
1.3 -0.7329
1.3 -0.7434
1.3 -0.7539
1.3 -0.7644
1.3 -0.7749
1.3 -0.7854
1.3 -0.7854
1.3 -0.7854
1.3 -0.7854
1.3 -0.7854
1.3 -0.7749
1.3 -0.7644
1.3 -0.7539
1.3 -0.7434
1.3 -0.7329
1.3 -0.7224
1.3 -0.7119
1.3 -0.7014
1.3 -0.6909
1.3 -0.6804
1.3 -0.6699
1.3 -0.6594
1.3 -0.6489
1.3 -0.6384
1.3 -0.6279
1.3 -0.6174
1.3 -0.6069
1.3 -0.5964
1.3 -0.5859
1.3 -0.5754
1.3 -0.5649
1.3 -0.5544
1.3 -0.5439
1.3 -0.5334
1.3 -0.5229
1.3 -0.5124
1.3 -0.5019
1.3 -0.4914
1.3 -0.4809
1.3 -0.4704
1.3 -0.4599
1.3 -0.4494
1.3 -0.4389
1.3 -0.4284
1.3 -0.4179
1.3 -0.4074
1.3 -0.3969
1.3 -0.3864
1.3 -0.3759
1.3 -0.3654
1.3 -0.3549
1.3 -0.3444
1.3 -0.3339
1.3 -0.3234
1.3 -0.3129
1.3 -0.3024
1.3 -0.3129
1.3 -0.3234
1.3 -0.3339
1.3 -0.3444
1.3 -0.3549
1.3 -0.3654
1.3 -0.3759
1.3 -0.3864
1.3 -0.3969
1.3 -0.4074
1.3 -0.4179
1.3 -0.4284
1.3 -0.4389
1.3 -0.4494
1.3 -0.4389
1.3 -0.4284
1.3 -0.4179
1.3 -0.4074
1.3 -0.3969
1.3 -0.3864
1.3 -0.3759
1.3 -0.3654
1.3 -0.3549
1.3 -0.3444
1.3 -0.3339
1.3 -0.3234
1.3 -0.3129
1.3 -0.3024
1.3 -0.2919
1.3 -0.2814
1.3 -0.2709
1.3 -0.2604
1.3 -0.2499
1.3 -0.2394
1.3 -0.2289
1.3 -0.2184
1.3 -0.2079
1.3 -0.1974
1.3 -0.1869
1.3 -0.1764
1.3 -0.1659
1.3 -0.1554
1.3 -0.1449
1.3 -0.1344
1.3 -0.1239
1.3 -0.1134
1.3 -0.1029
1.3 -0.0924
1.3 -0.0819
1.3 -0.0714
1.3 -0.0609
1.3 -0.0504
1.3 -0.0399
1.3 -0.0294
1.3 -0.0189
1.3 -0.0084
1.3 0.0021
1.3 0.0126
1.3 0.0231
1.3 0.0336
1.3 0.0441
1.3 0.0546
1.3 0.0651
1.3 0.0756
1.3 0.0861
1.3 0.0966
1.3 0.1071
1.3 0.1176
1.3 0.1281
1.3 0.1386
1.3 0.1491
1.3 0.1596
1.3 0.1701
1.3 0.1806
1.3 0.1911
1.3 0.2016
1.3 0.2121
1.3 0.2226
1.3 0.2331
1.3 0.2436
1.3 0.2541
1.3 0.2646
1.3 0.2751
1.3 0.2856
1.3 0.2961
1.3 0.3066
1.3 0.3171
1.3 0.3276
1.3 0.3381
1.3 0.3486
1.3 0.3591
1.3 0.3696
1.3 0.3801
1.3 0.3906
1.3 0.4011
1.3 0.4116
1.3 0.4221
1.3 0.4326
1.3 0.4431
1.3 0.4536
1.3 0.4641
1.3 0.4746
1.3 0.4851
1.3 0.4956
1.3 0.5061
1.3 0.5166
1.3 0.5271
1.3 0.5376
1.3 0.5481
1.3 0.5586
1.3 0.5691
1.3 0.5796
1.3 0.5901
1.3 0.6006
1.3 0.6111
1.3 0.6216
1.3 0.6321
1.3 0.6426
1.3 0.6531
1.3 0.6636
1.3 0.6741
1.3 0.6846
1.3 0.6951
1.3 0.7056
1.3 0.7161
1.3 0.7266
1.3 0.7371
1.3 0.7476
1.3 0.7581
1.3 0.7686
1.3 0.7791
1.3 0.7854
1.3 0.7854
1.3 0.7854
1.3 0.7854
1.3 0.7854
1.3 0.7854
1.3 0.7854
1.3 0.7854
1.3 0.7854
1.3 0.7854
1.3 0.7854
1.3 0.7854
1.3 0.7854
1.3 0.7854
1.3 0.7854
1.3 0.7854
1.3 0.7854
1.3 0.7854
1.3 0.7854
1.3 0.7854
1.3 0.7854
1.3 0.7854
1.3 0.7854
1.3 0.7854
1.3 0.7854
1.3 0.7854
1.3 0.7854
1.3 0.7854
1.3 0.7854
1.3 0.7854
1.3 0.7854
1.3 0.7854
1.3 0.7854
1.3 0.7854
1.3 0.7854
1.3 0.7854
1.3 0.7854
1.3 0.7854
1.3 0.7854
1.3 0.7854
1.3 0.7854
1.3 0.7854
1.3 0.7854
1.3 0.7854
1.3 0.7854
1.3 0.7854
1.3 0.7854
1.3 0.7854
1.3 0.7854
1.3 0.7854
1.3 0.7854
1.3 0.7854
1.3 0.7854
1.3 0.7854
1.3 0.7854
1.3 0.7854
1.3 0.7854
1.3 0.7854
1.3 0.7854
1.3 0.7854
1.3 0.7854
1.3 0.7854
1.3 0.7854
1.3 0.7854
1.3 0.7854
1.3 0.7854
1.3 0.7854
1.3 0.7854
1.3 0.7854
1.3 0.7854
1.3 0.7854
1.3 0.7854
1.3 0.7854
1.3 0.7854
1.3 0.7854
1.3 0.7854
1.3 0.7854
1.3 0.7854
1.3 0.7854
1.3 0.7854
1.3 0.7854
1.3 0.7854
1.3 0.7854
1.3 0.7854
1.3 0.7854
1.3 0.7854
1.3 0.7854
1.3 0.7854
1.3 0.7854
1.3 0.7854
1.3 0.7854
1.3 0.7854
1.3 0.7854
1.3 0.7854
1.3 0.7854
1.3 0.7854
1.3 0.7854
1.3 0.7854
1.3 0.7854
1.3 0.7854
1.3 0.7854
1.3 0.7854
1.3 0.7854
1.3 0.7854
1.3 0.7854
1.3 0.7854
1.3 0.7854
1.3 0.7854
1.3 0.7854
1.3 0.7854
1.3 0.7854
1.3 0.7854
1.3 0.7854
1.3 0.7854
1.3 0.7854
1.3 0.7854
1.3 0.7854
1.3 0.7854
1.3 0.7854
1.3 0.7854
1.3 0.7854
1.3 0.7854
1.3 0.7854
1.3 0.7854
1.3 0.7854
1.3 0.7854
1.3 0.7854
1.3 0.7854
1.3 0.7854
1.3 0.7854
1.3 0.7854
1.3 0.7854
1.3 0.7854
1.3 0.7854
1.3 0.7854
1.3 0.7854
1.3 0.7854
1.3 0.7854
1.3 0.7854
1.3 0.7854
1.3 0.7854
1.3 0.7854
1.3 0.7854
1.3 0.7854
1.3 0.7854
1.3 0.7854
1.3 0.7854
1.3 0.7854
1.3 0.7854
1.3 0.7854
1.3 0.7854
1.3 0.7854
1.3 0.7854
1.3 0.7854
1.3 0.7854
1.3 0.7854
1.3 0.7854
1.3 0.7854
1.3 0.7854
1.3 0.7854
1.3 0.7854
1.3 0.7854
1.3 0.7854
1.3 0.7854
1.3 0.7854
1.3 0.7854
1.3 0.7854
1.3 0.7854
1.3 0.7854
1.3 0.7854
1.3 0.7854
1.3 0.7854
1.3 0.7854
1.3 0.7854
1.3 0.7854
1.3 0.7854
1.3 0.7854
1.3 0.7854
1.3 0.7854
1.3 0.7854
1.3 0.7854
1.3 0.7854
1.3 0.7854
1.3 0.7854
1.3 0.7854
1.3 0.7854
1.3 0.7854
1.3 0.7854
1.3 0.7854
1.3 0.7854
1.3 0.7854
1.3 0.7854
1.26 0.7854
1.22 0.7854
1.18 0.7854
1.14 0.7854
1.1 0.7854
1.06 0.7854
1.02 0.7854
0.98 0.7854
0.94 0.7854
0.9 0.7854
0.86 0.7854
0.82 0.7854
0.78 0.7854
0.74 0.7854
0.7 0.7854
0.66 0.7854
0.62 0.7854
0.58 0.7854
0.54 0.7854
0.5 0.7854
0.46 0.7854
0.42 0.7854
0.38 0.7854
0.34 0.7854
0.3 0.7854
0.26 0.7854
0.22 0.7854
0.18 0.7854
0.14 0.7854
0.1 0.7854
0.06 0.7854
0.02 0.7854
-0.02 0.7854
-0.06 0.7854
-0.1 0.7854
-0.14 0.7854
-0.18 0.7854
-0.22 0.7854
-0.26 0.7854
-0.3 0.7854
-0.34 0.7854
-0.38 0.7854
-0.42 0.7854
-0.46 0.7854
-0.5 0.7854
-0.54 0.7854
-0.58 0.7854
-0.62 0.7854
-0.66 0.7854
-0.7 0.7854
-0.74 0.7854
-0.78 0.7854
-0.82 0.7854
-0.86 0.7854
-0.9 0.7854
-0.94 0.7854
-0.98 0.7854
-1.02 0.7854
-1.06 0.7854
-1.1 0.7854
-1.14 0.7854
-1.18 0.7854
-1.22 0.7854
-1.26 0.7854
-1.3 0.7854
-1.3 0.7854
-1.3 0.7854
-1.3 0.7854
-1.3 0.7854
-1.3 0.7854
-1.3 0.7854
-1.3 0.7854
-1.3 0.7854
-1.3 0.7854
-1.3 0.7854
-1.3 0.7854
-1.3 0.7854
-1.3 0.7854
-1.3 0.7854
-1.3 0.7854
-1.3 0.7854
-1.3 0.7854
-1.3 0.7854
-1.3 0.7854
-1.3 0.7854
-1.3 0.7854
-1.3 0.7854
-1.3 0.7854
-1.3 0.7854
-1.3 0.7854
-1.3 0.7854
